0.5714285714285714 
0.1428571428571428 
0.5714285714285716 
1.285714285714286 
1.2857142857142856 
2.2857142857142856 
1.571428571428572 
10.857142857142856 
6.142857142857142 
4.428571428571431 
13.42857142857143 
11.714285714285708 
12.142857142857146 
11.57142857142857 
4.714285714285722 
18.714285714285708 
26.14285714285714 
8.571428571428584 
30.285714285714278 
28.0 
19.285714285714278 
28.0 
16.142857142857167 
10.428571428571388 
29.85714285714289 
4.14285714285711 
17.85714285714289 
11.428571428571445 
4.857142857142833 
1.7142857142857224 
19.571428571428555 
7.571428571428555 
28.0 
0.28571428571433444 
-3.428571428571445 
-4.571428571428555 
13.0 
-10.571428571428612 
15.428571428571445 
-12.0 
7.428571428571445 
10.285714285714278 
15.285714285714278 
-9.571428571428555 
15.428571428571388 
-2.571428571428555 
7.0 
10.571428571428555 
16.428571428571445 
9.0 
32.428571428571445 
43.71428571428572 
53.14285714285711 
70.14285714285711 
125.0 
107.85714285714289 
71.14285714285711 
117.28571428571433 
37.42857142857133 
92.14285714285734 
58.0 
-25.71428571428578 
59.85714285714289 
31.0 
40.71428571428555 
232.57142857142867 
160.8571428571429 
158.71428571428578 
91.28571428571422 
100.85714285714289 
154.42857142857156 
266.0 
196.85714285714266 
186.42857142857156 
253.4285714285711 
235.71428571428578 
193.71428571428578 
373.8571428571431 
63.428571428571104 
41.42857142857156 
98.57142857142844 
-83.0 
97.71428571428623 
160.14285714285688 
82.28571428571377 
-62.42857142857065 
87.71428571428532 
1.4285714285715585 
73.14285714285688 
146.57142857142844 
225.0 
-110.71428571428532 
55.14285714285688 
113.57142857142844 
133.1428571428578 
363.8571428571422 
180.42857142857156 
76.14285714285688 
63.85714285714312 
157.14285714285688 
-140.0 
-160.14285714285688 
-66.28571428571377 
-164.85714285714312 
-190.14285714285688 
-76.42857142857156 
-172.71428571428623 
-158.28571428571377 
24.714285714285325 
-284.8571428571431 
-135.57142857142844 
-198.71428571428532 
-84.42857142857156 
-58.57142857142844 
-142.71428571428578 
-307.14285714285734 
-106.85714285714266 
-92.57142857142844 
-75.85714285714312 
-141.71428571428578 
-133.14285714285688 
-83.71428571428578 
90.71428571428578 
-70.0 
-143.28571428571422 
-96.14285714285734 
-58.42857142857156 
-89.4285714285711 
-50.285714285714675 
-94.0 
-31.142857142856883 
-81.42857142857156 
-132.85714285714266 
-73.85714285714312 
-25.71428571428578 
4.142857142857338 
-14.857142857142662 
-42.14285714285734 
14.571428571428442 
16.571428571428896 
4.857142857142662 
31.42857142857156 
4.5714285714284415 
-60.42857142857156 
-60.28571428571422 
-44.0 
-16.714285714285552 
-53.0 
-59.14285714285734 
1.1428571428573377 
-0.14285714285733775 
3.7142857142857792 
31.71428571428578 
-6.4285714285715585 
32.28571428571445 
14.85714285714289 
-34.42857142857156 
-13.571428571428442 
-10.285714285714448 
-60.57142857142844 
7.14285714285711 
-61.71428571428578 
-32.85714285714289 
-43.85714285714289 
-5.5714285714284415 
-22.42857142857156 
21.285714285714448 
-20.57142857142867 
49.57142857142867 
10.0 
19.714285714285552 
-10.571428571428442 
-7.4285714285715585 
15.285714285714448 
3.428571428571331 
-21.42857142857133 
1.2857142857142208 
30.14285714285711 
2.7142857142857792 
13.85714285714289 
-10.285714285714448 
15.85714285714289 
1.5714285714286689 
-21.71428571428578 
-14.28571428571422 
-17.0 
-15.0 
24.85714285714289 
0.7142857142855519 
-11.28571428571422 
39.0 
-25.28571428571422 
31.57142857142844 
-26.714285714285552 
-41.0 
-68.85714285714289 
-70.14285714285711 
-68.85714285714289 
9.571428571428442 
-18.42857142857133 
78.42857142857133 
37.28571428571445 
46.14285714285711 
82.28571428571422 
81.14285714285711 
44.57142857142867 
4.14285714285711 
-54.71428571428578 
-32.71428571428555 
-30.71428571428578 
-29.0 
-9.71428571428578 
-79.0 
-26.42857142857133 
-12.71428571428578 
-8.0 
9.71428571428578 
-7.14285714285711 
-23.142857142857338 
-6.0 
-64.71428571428555 
-8.71428571428578 
-1.8571428571428896 
-2.428571428571331 
4.0 
-41.85714285714289 
9.0 
53.28571428571422 
12.0 
-25.71428571428578 
-31.28571428571422 
-5.714285714285779 
-25.28571428571422 
-21.14285714285711 
3.428571428571331 
-34.85714285714266 
7.857142857142662 
9.571428571428669 
-27.28571428571422 
12.428571428571331 
-22.57142857142844 
3.0 
38.85714285714266 
-16.857142857142662 
-4.4285714285715585 
0.5714285714286689 
10.571428571428442 
8.285714285714448 
13.0 
-29.85714285714289 
10.85714285714289 
3.0 
1.8571428571426623 
-11.428571428571331 
5.85714285714289 
-25.14285714285711 
-2.7142857142857792 
-13.428571428571331 
-14.285714285714448 
15.571428571428669 
0.28571428571422075 
8.428571428571558 
15.571428571428442 
-0.4285714285713311 
24.0 
-1.1428571428571104 
-18.142857142857338 
16.285714285714448 
4.428571428571331 
-8.14285714285711 
22.71428571428578 
-26.42857142857156 
31.57142857142867 
63.85714285714289 
38.57142857142844 
30.285714285714448 
22.14285714285711 
-28.285714285714448 
39.14285714285734 
61.28571428571422 
21.57142857142844 
15.571428571428669 
22.14285714285711 
48.0 
124.71428571428578 
58.57142857142844 
7.4285714285715585 
4.5714285714284415 
28.71428571428578 
46.28571428571422 
56.71428571428601 
16.57142857142844 
49.57142857142844 
-68.57142857142844 
-2.857142857143117 
37.0 
33.571428571428896 
89.57142857142844 
152.57142857142844 
110.5714285714289 
82.57142857142844 
75.28571428571422 
71.28571428571422 
59.57142857142844 
94.71428571428578 
87.5714285714289 
146.14285714285688 
270.2857142857142 
217.14285714285734 
111.57142857142844 
145.14285714285734 
70.28571428571422 
38.57142857142844 
-6.857142857142662 
22.71428571428578 
-7.4285714285715585 
23.142857142856883 
27.0 
26.571428571428896 
69.28571428571377 
33.85714285714312 
22.57142857142844 
21.42857142857156 
-11.142857142856883 
-30.285714285714675 
-14.714285714285325 
-50.0 
-55.71428571428578 
-41.28571428571422 
-41.28571428571422 
-26.285714285714675 
-107.85714285714266 
-95.85714285714266 
-117.14285714285734 
-13.857142857142662 
-57.85714285714312 
-45.0 
-44.14285714285688 
-31.0 
20.0 
54.714285714285325 
-20.428571428571104 
1.5714285714284415 
-18.71428571428578 
-40.28571428571422 
-9.857142857142662 
19.57142857142844 
-48.85714285714312 
-3.8571428571426623 
-28.142857142857338 
30.571428571428896 
-27.28571428571422 
32.0 
45.0 
108.4285714285711 
90.0 
84.28571428571422 
76.42857142857156 
55.85714285714312 
71.28571428571422 
55.14285714285688 
105.5714285714289 
73.4285714285711 
153.14285714285688 
93.0 
111.57142857142935 
129.28571428571377 
142.71428571428623 
94.0 
127.28571428571377 
64.85714285714312 
54.85714285714312 
151.8571428571422 
62.42857142857156 
97.57142857142844 
88.71428571428623 
165.14285714285688 
157.42857142857156 
148.28571428571377 
51.0 
61.57142857142935 
110.57142857142844 
146.0 
72.0 
70.0 
156.0 
63.714285714285325 
175.28571428571468 
115.28571428571377 
69.42857142857156 
62.85714285714312 
-3.142857142856883 
-205.71428571428623 
-32.85714285714312 
-131.28571428571377 
52.14285714285688 
151.28571428571468 
13.714285714285325 
91.57142857142844 
80.71428571428623 
79.14285714285688 
51.85714285714312 
-119.71428571428623 
-225.8571428571422 
-61.14285714285779 
-93.0 
38.714285714286234 
-92.42857142857156 
-83.28571428571468 
-75.0 
-9.285714285713766 
-128.57142857142844 
-93.71428571428623 
-80.71428571428532 
-132.85714285714312 
-71.14285714285688 
8.142857142856883 
-46.57142857142844 
-46.714285714286234 
-73.71428571428532 
-172.0 
-134.71428571428532 
-89.28571428571468 
-98.14285714285688 
-89.28571428571468 
-35.714285714285325 
-85.85714285714312 
69.0 
81.85714285714312 
18.42857142857156 
-3.0 
47.0 
78.57142857142844 
114.14285714285688 
29.857142857143117 
2.285714285713766 
122.57142857142844 
214.1428571428578 
101.57142857142844 
106.42857142857156 
28.42857142857156 
-27.42857142857156 
57.285714285713766 
56.85714285714312 
62.42857142857156 
152.28571428571377 
130.28571428571468 
179.0 
215.42857142857156 
121.71428571428532 
65.0 
4.714285714286234 
-58.14285714285779 
63.0 
-0.5714285714284415 
10.857142857143117 
75.42857142857156 
-37.42857142857156 
-62.0 
-43.0 
-177.57142857142844 
-34.14285714285688 
-103.42857142857156 
-137.28571428571468 
-146.0 
-147.57142857142844 
-171.71428571428532 
-194.42857142857156 
-253.71428571428623 
-140.28571428571377 
-163.28571428571468 
-225.57142857142844 
-462.1428571428569 
-163.1428571428578 
-150.71428571428532 
-180.71428571428532 
-168.1428571428578 
-116.57142857142844 
-88.57142857142844 
-110.14285714285734 
-220.28571428571422 
-189.71428571428578 
-160.0 
-174.71428571428532 
-109.0 
-36.571428571428896 
73.71428571428578 
-168.57142857142844 
-169.14285714285734 
-148.28571428571422 
-98.85714285714266 
-86.71428571428578 
-95.0 
-122.42857142857156 
-125.0 
-117.42857142857133 
-130.1428571428571 
-163.57142857142867 
-53.71428571428578 
-34.0 
-67.85714285714266 
-53.57142857142867 
-66.71428571428578 
3.8571428571428896 
24.28571428571422 
-21.28571428571422 
-23.0 
-68.28571428571422 
-43.0 
-36.42857142857156 
-37.28571428571422 
-37.71428571428578 
-19.57142857142844 
-22.0 
-22.85714285714289 
-29.714285714285666 
-30.285714285714334 
-45.285714285714334 
-7.14285714285711 
-14.571428571428555 
-12.85714285714289 
-13.571428571428555 
-37.85714285714289 
-9.0 
5.142857142857224 
-16.71428571428578 
-15.571428571428555 
-11.571428571428555 
-32.714285714285666 
-17.0 
-25.57142857142867 
-32.14285714285711 
-23.28571428571422 
-2.571428571428669 
-15.857142857142776 
-14.0 
-13.0 
-13.0 
-10.85714285714289 
-11.285714285714334 
-10.28571428571422 
-2.428571428571445 
-29.571428571428555 
-24.0 
-18.571428571428612 
-24.714285714285666 
-11.0 
-6.0 
-2.428571428571445 
-11.285714285714278 
2.0 
1.7142857142857224 
2.7142857142856656 
-1.2857142857142776 
3.428571428571445 
7.142857142857167 
12.714285714285666 
10.85714285714289 
17.285714285714278 
6.0 
-20.857142857142833 
-0.8571428571428896 
16.85714285714289 
40.28571428571428 
36.85714285714289 
24.714285714285666 
40.571428571428555 
51.428571428571445 
23.285714285714334 
-0.14285714285722406 
1.2857142857143344 
-0.8571428571428896 
10.0 
-3.2857142857142208 
4.714285714285666 
7.0 
27.0 
12.285714285714334 
27.28571428571422 
25.71428571428578 
50.42857142857133 
46.142857142857224 
18.714285714285666 
7.428571428571445 
34.571428571428555 
95.14285714285722 
105.85714285714289 
65.28571428571422 
51.57142857142844 
47.42857142857156 
62.85714285714289 
88.42857142857133 
54.71428571428578 
40.28571428571422 
45.71428571428578 
45.71428571428578 
33.57142857142844 
78.14285714285711 
51.85714285714289 
41.85714285714289 
24.85714285714289 
52.57142857142844 
18.42857142857156 
27.0 
-56.14285714285711 
-36.0 
31.714285714285552 
95.0 
61.71428571428601 
80.14285714285688 
58.57142857142844 
124.14285714285734 
125.71428571428578 
49.85714285714266 
-26.142857142856883 
21.857142857142662 
1.4285714285715585 
-8.428571428571558 
-17.857142857142662 
-27.571428571428896 
-38.714285714285325 
-2.2857142857146755 
-17.714285714285325 
-17.857142857143117 
-5.857142857142662 
-23.857142857143117 
0.14285714285733775 
1.8571428571426623 
-4.142857142856883 
-50.0 
-39.0 
-44.0 
-57.0 
-56.71428571428578 
-82.42857142857156 
-86.71428571428555 
-59.14285714285734 
-66.0 
-29.57142857142844 
-19.57142857142867 
-64.42857142857133 
-85.57142857142867 
-97.85714285714289 
-48.85714285714266 
-19.142857142857338 
-30.714285714285552 
-45.85714285714289 
-39.0 
-7.285714285714221 
8.0 
-47.14285714285734 
-32.28571428571422 
-11.85714285714289 
-14.14285714285711 
-2.2857142857142208 
-5.571428571428669 
11.428571428571558 
-6.14285714285711 
-56.71428571428578 
-16.71428571428578 
44.85714285714289 
44.14285714285711 
57.85714285714289 
59.85714285714289 
98.42857142857133 
35.0 
41.14285714285711 
80.42857142857156 
188.71428571428578 
281.1428571428571 
350.0 
306.1428571428569 
437.7142857142858 
409.14285714285734 
427.0 
593.8571428571427 
638.7142857142862 
700.5714285714284 
770.0 
690.7142857142853 
